0 98 0.0
0 98 0.0001
0 98 0.0002
0 98 0.0003
0 98 0.0004
0 98 0.0005
0 98 0.0006
0 98 0.0007
0 98 0.0008
0 98 0.0009
0 98 0.001
1 97 0.0011
1 97 0.0012
1 97 0.0013
1 97 0.0014
1 97 0.0015
1 97 0.0016
1 97 0.0017
1 97 0.0018
1 97 0.0019
1 97 0.002
1 97 0.0021
1 97 0.0022
1 97 0.0023
1 97 0.0024
1 97 0.0025
1 97 0.0026
1 97 0.0027
1 97 0.0028
1 97 0.0029
1 97 0.003
1 97 0.0031
1 97 0.0032
1 97 0.0033
1 97 0.0034
1 97 0.0035
1 97 0.0036
2 96 0.0037
2 96 0.0038
2 96 0.0039
2 96 0.004
2 96 0.0041
2 96 0.0042
2 96 0.0043
2 96 0.0044
2 96 0.0045
2 96 0.0046
2 96 0.0047
2 96 0.0048
2 96 0.0049
2 96 0.005
2 96 0.0051
3 95 0.0052
3 95 0.0053
3 95 0.0054
3 95 0.0055
3 95 0.0056
3 95 0.0057
3 95 0.0058
3 95 0.0059
3 95 0.006
3 95 0.0061
3 95 0.0062
3 95 0.0063
3 95 0.0064
3 95 0.0065
3 95 0.0066
3 95 0.0067
3 95 0.0068
3 95 0.0069
3 95 0.007
3 95 0.0071
3 95 0.0072
3 95 0.0073
3 95 0.0074
3 95 0.0075
3 95 0.0076
3 95 0.0077
3 95 0.0078
3 95 0.0079
3 95 0.008
3 95 0.0081
3 95 0.0082
3 95 0.0083
3 95 0.0084
3 95 0.0085
3 95 0.0086
3 95 0.0087
3 95 0.0088
3 95 0.0089
3 95 0.009
3 95 0.0091
3 95 0.0092
3 95 0.0093
3 95 0.0094
3 95 0.0095
3 95 0.0096
3 95 0.0097
4 94 0.0098
4 94 0.0099
4 94 0.01
4 94 0.0101
4 94 0.0102
4 94 0.0103
4 94 0.0104
4 94 0.0105
4 94 0.0106
4 94 0.0107
4 94 0.0108
4 94 0.0109
4 94 0.011
4 94 0.0111
4 94 0.0112
4 94 0.0113
4 94 0.0114
4 94 0.0115
4 94 0.0116
4 94 0.0117
4 94 0.0118
4 94 0.0119
4 94 0.012
4 94 0.0121
4 94 0.0122
4 94 0.0123
4 94 0.0124
4 94 0.0125
4 94 0.0126
4 94 0.0127
4 94 0.0128
4 94 0.0129
4 94 0.013
4 94 0.0131
4 94 0.0132
4 94 0.0133
4 94 0.0134
5 93 0.0135
5 93 0.0136
5 93 0.0137
5 93 0.0138
5 93 0.0139
5 93 0.014
5 93 0.0141
5 93 0.0142
5 93 0.0143
5 93 0.0144
5 93 0.0145
5 93 0.0146
5 93 0.0147
5 93 0.0148
5 93 0.0149
5 93 0.015
5 93 0.0151
5 93 0.0152
5 93 0.0153
5 93 0.0154
5 93 0.0155
5 93 0.0156
5 93 0.0157
5 93 0.0158
5 93 0.0159
5 93 0.016
5 93 0.0161
5 93 0.0162
5 93 0.0163
5 93 0.0164
5 93 0.0165
5 93 0.0166
5 93 0.0167
5 93 0.0168
5 93 0.0169
5 93 0.017
5 93 0.0171
5 93 0.0172
5 93 0.0173
5 93 0.0174
5 93 0.0175
5 93 0.0176
5 93 0.0177
5 93 0.0178
5 93 0.0179
5 93 0.018
5 93 0.0181
5 93 0.0182
5 93 0.0183
5 93 0.0184
5 93 0.0185
5 93 0.0186
5 93 0.0187
5 93 0.0188
5 93 0.0189
5 93 0.019
5 93 0.0191
5 93 0.0192
5 93 0.0193
6 92 0.0194
6 92 0.0195
6 92 0.0196
6 92 0.0197
6 92 0.0198
6 92 0.0199
6 92 0.02
6 92 0.0201
6 92 0.0202
6 92 0.0203
6 92 0.0204
6 92 0.0205
6 92 0.0206
6 92 0.0207
6 92 0.0208
6 92 0.0209
6 92 0.021
6 92 0.0211
6 92 0.0212
6 92 0.0213
6 92 0.0214
6 92 0.0215
6 92 0.0216
6 92 0.0217
6 92 0.0218
6 92 0.0219
6 92 0.022
6 92 0.0221
6 92 0.0222
6 92 0.0223
6 92 0.0224
6 92 0.0225
6 92 0.0226
6 92 0.0227
6 92 0.0228
6 92 0.0229
6 92 0.023
6 92 0.0231
6 92 0.0232
6 92 0.0233
6 92 0.0234
6 92 0.0235
6 92 0.0236
6 92 0.0237
6 92 0.0238
6 92 0.0239
6 92 0.024
6 92 0.0241
6 92 0.0242
6 92 0.0243
6 92 0.0244
6 92 0.0245
6 92 0.0246
6 92 0.0247
6 92 0.0248
6 92 0.0249
6 92 0.025
6 92 0.0251
6 92 0.0252
6 92 0.0253
6 92 0.0254
6 92 0.0255
6 92 0.0256
6 92 0.0257
6 92 0.0258
6 92 0.0259
6 92 0.026
6 92 0.0261
7 91 0.0262
7 91 0.0263
7 91 0.0264
7 91 0.0265
7 91 0.0266
7 91 0.0267
7 91 0.0268
7 91 0.0269
7 91 0.027
7 91 0.0271
7 91 0.0272
7 91 0.0273
7 91 0.0274
7 91 0.0275
7 91 0.0276
7 91 0.0277
7 91 0.0278
7 91 0.0279
7 91 0.028
7 91 0.0281
7 91 0.0282
7 91 0.0283
7 91 0.0284
7 91 0.0285
7 91 0.0286
7 91 0.0287
7 91 0.0288
7 91 0.0289
7 91 0.029
7 91 0.0291
7 91 0.0292
7 91 0.0293
7 91 0.0294
7 91 0.0295
7 91 0.0296
7 91 0.0297
7 91 0.0298
7 91 0.0299
7 91 0.03
7 91 0.0301
7 91 0.0302
7 91 0.0303
7 91 0.0304
7 91 0.0305
7 91 0.0306
7 91 0.0307
7 91 0.0308
7 91 0.0309
7 91 0.031
7 91 0.0311
7 91 0.0312
7 91 0.0313
7 91 0.0314
7 91 0.0315
7 91 0.0316
7 91 0.0317
7 91 0.0318
7 91 0.0319
7 91 0.032
7 91 0.0321
7 91 0.0322
7 91 0.0323
7 91 0.0324
7 91 0.0325
7 91 0.0326
7 91 0.0327
7 91 0.0328
7 91 0.0329
7 91 0.033
8 90 0.0331
8 90 0.0332
8 90 0.0333
8 90 0.0334
8 90 0.0335
8 90 0.0336
8 90 0.0337
8 90 0.0338
8 90 0.0339
8 90 0.034
8 90 0.0341
8 90 0.0342
8 90 0.0343
8 90 0.0344
8 90 0.0345
8 90 0.0346
8 90 0.0347
8 90 0.0348
8 90 0.0349
8 90 0.035
8 90 0.0351
8 90 0.0352
8 90 0.0353
8 90 0.0354
8 90 0.0355
8 90 0.0356
8 90 0.0357
8 90 0.0358
8 90 0.0359
8 90 0.036
8 90 0.0361
8 90 0.0362
8 90 0.0363
8 90 0.0364
8 90 0.0365
8 90 0.0366
8 90 0.0367
8 90 0.0368
8 90 0.0369
8 90 0.037
8 90 0.0371
8 90 0.0372
8 90 0.0373
8 90 0.0374
8 90 0.0375
8 90 0.0376
8 90 0.0377
8 90 0.0378
8 90 0.0379
8 90 0.038
8 90 0.0381
8 90 0.0382
8 90 0.0383
8 90 0.0384
8 90 0.0385
8 90 0.0386
8 90 0.0387
8 90 0.0388
8 90 0.0389
8 90 0.039
8 90 0.0391
8 90 0.0392
8 90 0.0393
8 90 0.0394
8 90 0.0395
8 90 0.0396
8 90 0.0397
8 90 0.0398
8 90 0.0399
8 90 0.04
8 90 0.0401
8 90 0.0402
8 90 0.0403
8 90 0.0404
8 90 0.0405
8 90 0.0406
8 90 0.0407
8 90 0.0408
8 90 0.0409
8 90 0.041
8 90 0.0411
8 90 0.0412
8 90 0.0413
8 90 0.0414
8 90 0.0415
8 90 0.0416
8 90 0.0417
8 90 0.0418
8 90 0.0419
8 90 0.042
8 90 0.0421
8 90 0.0422
8 90 0.0423
8 90 0.0424
8 90 0.0425
8 90 0.0426
8 90 0.0427
8 90 0.0428
8 90 0.0429
8 90 0.043
8 90 0.0431
8 90 0.0432
8 90 0.0433
8 90 0.0434
9 89 0.0435
9 89 0.0436
9 89 0.0437
9 89 0.0438
9 89 0.0439
9 89 0.044
9 89 0.0441
9 89 0.0442
9 89 0.0443
9 89 0.0444
9 89 0.0445
9 89 0.0446
9 89 0.0447
9 89 0.0448
9 89 0.0449
9 89 0.045
9 89 0.0451
9 89 0.0452
9 89 0.0453
9 89 0.0454
9 89 0.0455
9 89 0.0456
9 89 0.0457
9 89 0.0458
9 89 0.0459
9 89 0.046
9 89 0.0461
9 89 0.0462
9 89 0.0463
9 89 0.0464
9 89 0.0465
9 89 0.0466
9 89 0.0467
9 89 0.0468
9 89 0.0469
9 89 0.047
9 89 0.0471
9 89 0.0472
9 89 0.0473
9 89 0.0474
9 89 0.0475
9 89 0.0476
9 89 0.0477
9 89 0.0478
9 89 0.0479
9 89 0.048
9 89 0.0481
9 89 0.0482
9 89 0.0483
9 89 0.0484
9 89 0.0485
9 89 0.0486
9 89 0.0487
9 89 0.0488
9 89 0.0489
9 89 0.049
9 89 0.0491
9 89 0.0492
9 89 0.0493
9 89 0.0494
9 89 0.0495
9 89 0.0496
9 89 0.0497
9 89 0.0498
9 89 0.0499
9 89 0.05
9 89 0.0501
9 89 0.0502
9 89 0.0503
9 89 0.0504
9 89 0.0505
9 89 0.0506
9 89 0.0507
9 89 0.0508
9 89 0.0509
9 89 0.051
9 89 0.0511
10 88 0.0512
10 88 0.0513
10 88 0.0514
10 88 0.0515
10 88 0.0516
10 88 0.0517
10 88 0.0518
10 88 0.0519
10 88 0.052
10 88 0.0521
10 88 0.0522
10 88 0.0523
10 88 0.0524
10 88 0.0525
10 88 0.0526
10 88 0.0527
10 88 0.0528
10 88 0.0529
10 88 0.053
10 88 0.0531
10 88 0.0532
10 88 0.0533
10 88 0.0534
10 88 0.0535
10 88 0.0536
10 88 0.0537
10 88 0.0538
10 88 0.0539
10 88 0.054
10 88 0.0541
10 88 0.0542
10 88 0.0543
10 88 0.0544
10 88 0.0545
10 88 0.0546
10 88 0.0547
10 88 0.0548
10 88 0.0549
10 88 0.055
10 88 0.0551
10 88 0.0552
10 88 0.0553
10 88 0.0554
10 88 0.0555
10 88 0.0556
10 88 0.0557
10 88 0.0558
10 88 0.0559
10 88 0.056
10 88 0.0561
10 88 0.0562
10 88 0.0563
10 88 0.0564
10 88 0.0565
10 88 0.0566
10 88 0.0567
10 88 0.0568
10 88 0.0569
10 88 0.057
10 88 0.0571
10 88 0.0572
10 88 0.0573
10 88 0.0574
10 88 0.0575
10 88 0.0576
10 88 0.0577
10 88 0.0578
10 88 0.0579
10 88 0.058
10 88 0.0581
10 88 0.0582
10 88 0.0583
10 88 0.0584
10 88 0.0585
10 88 0.0586
10 88 0.0587
10 88 0.0588
10 88 0.0589
10 88 0.059
10 88 0.0591
10 88 0.0592
10 88 0.0593
10 88 0.0594
10 88 0.0595
10 88 0.0596
10 88 0.0597
10 88 0.0598
10 88 0.0599
10 88 0.06
10 88 0.0601
10 88 0.0602
10 88 0.0603
10 88 0.0604
10 88 0.0605
10 88 0.0606
10 88 0.0607
10 88 0.0608
10 88 0.0609
10 88 0.061
10 88 0.0611
10 88 0.0612
10 88 0.0613
10 88 0.0614
10 88 0.0615
10 88 0.0616
10 88 0.0617
10 88 0.0618
10 88 0.0619
10 88 0.062
10 88 0.0621
10 88 0.0622
10 88 0.0623
10 88 0.0624
10 88 0.0625
10 88 0.0626
10 88 0.0627
10 88 0.0628
10 88 0.0629
10 88 0.063
10 88 0.0631
10 88 0.0632
10 88 0.0633
10 88 0.0634
10 88 0.0635
10 88 0.0636
10 88 0.0637
10 88 0.0638
10 88 0.0639
10 88 0.064
10 88 0.0641
10 88 0.0642
10 88 0.0643
10 88 0.0644
10 88 0.0645
10 88 0.0646
10 88 0.0647
10 88 0.0648
10 88 0.0649
10 88 0.065
10 88 0.0651
10 88 0.0652
10 88 0.0653
10 88 0.0654
10 88 0.0655
10 88 0.0656
10 88 0.0657
10 88 0.0658
11 87 0.0659
11 87 0.066
11 87 0.0661
11 87 0.0662
11 87 0.0663
11 87 0.0664
11 87 0.0665
11 87 0.0666
11 87 0.0667
11 87 0.0668
11 87 0.0669
11 87 0.067
11 87 0.0671
11 87 0.0672
11 87 0.0673
11 87 0.0674
11 87 0.0675
11 87 0.0676
11 87 0.0677
11 87 0.0678
11 87 0.0679
11 87 0.068
11 87 0.0681
11 87 0.0682
11 87 0.0683
11 87 0.0684
11 87 0.0685
11 87 0.0686
11 87 0.0687
11 87 0.0688
11 87 0.0689
11 87 0.069
11 87 0.0691
11 87 0.0692
11 87 0.0693
11 87 0.0694
11 87 0.0695
11 87 0.0696
11 87 0.0697
11 87 0.0698
11 87 0.0699
11 87 0.07
11 87 0.0701
11 87 0.0702
11 87 0.0703
11 87 0.0704
11 87 0.0705
11 87 0.0706
11 87 0.0707
11 87 0.0708
11 87 0.0709
11 87 0.071
11 87 0.0711
11 87 0.0712
11 87 0.0713
11 87 0.0714
11 87 0.0715
11 87 0.0716
11 87 0.0717
11 87 0.0718
11 87 0.0719
11 87 0.072
11 87 0.0721
11 87 0.0722
11 87 0.0723
11 87 0.0724
11 87 0.0725
11 87 0.0726
11 87 0.0727
11 87 0.0728
11 87 0.0729
11 87 0.073
11 87 0.0731
11 87 0.0732
11 87 0.0733
11 87 0.0734
11 87 0.0735
11 87 0.0736
11 87 0.0737
11 87 0.0738
11 87 0.0739
11 87 0.074
11 87 0.0741
12 86 0.0742
12 86 0.0743
12 86 0.0744
12 86 0.0745
12 86 0.0746
12 86 0.0747
12 86 0.0748
12 86 0.0749
12 86 0.075
12 86 0.0751
12 86 0.0752
12 86 0.0753
12 86 0.0754
12 86 0.0755
12 86 0.0756
12 86 0.0757
12 86 0.0758
12 86 0.0759
12 86 0.076
12 86 0.0761
12 86 0.0762
12 86 0.0763
12 86 0.0764
12 86 0.0765
12 86 0.0766
12 86 0.0767
12 86 0.0768
12 86 0.0769
12 86 0.077
12 86 0.0771
12 86 0.0772
12 86 0.0773
12 86 0.0774
12 86 0.0775
12 86 0.0776
12 86 0.0777
12 86 0.0778
12 86 0.0779
12 86 0.078
12 86 0.0781
12 86 0.0782
12 86 0.0783
12 86 0.0784
12 86 0.0785
12 86 0.0786
12 86 0.0787
12 86 0.0788
12 86 0.0789
12 86 0.079
12 86 0.0791
12 86 0.0792
12 86 0.0793
12 86 0.0794
12 86 0.0795
12 86 0.0796
12 86 0.0797
12 86 0.0798
12 86 0.0799
12 86 0.08
12 86 0.0801
12 86 0.0802
12 86 0.0803
12 86 0.0804
12 86 0.0805
12 86 0.0806
12 86 0.0807
12 86 0.0808
12 86 0.0809
12 86 0.081
12 86 0.0811
12 86 0.0812
12 86 0.0813
12 86 0.0814
12 86 0.0815
12 86 0.0816
12 86 0.0817
12 86 0.0818
12 86 0.0819
12 86 0.082
12 86 0.0821
12 86 0.0822
12 86 0.0823
12 86 0.0824
12 86 0.0825
12 86 0.0826
12 86 0.0827
12 86 0.0828
12 86 0.0829
12 86 0.083
12 86 0.0831
12 86 0.0832
12 86 0.0833
12 86 0.0834
12 86 0.0835
12 86 0.0836
12 86 0.0837
12 86 0.0838
12 86 0.0839
12 86 0.084
12 86 0.0841
12 86 0.0842
12 86 0.0843
12 86 0.0844
12 86 0.0845
12 86 0.0846
12 86 0.0847
12 86 0.0848
12 86 0.0849
12 86 0.085
12 86 0.0851
12 86 0.0852
12 86 0.0853
12 86 0.0854
12 86 0.0855
12 86 0.0856
12 86 0.0857
12 86 0.0858
12 86 0.0859
12 86 0.086
12 86 0.0861
12 86 0.0862
12 86 0.0863
12 86 0.0864
12 86 0.0865
12 86 0.0866
12 86 0.0867
12 86 0.0868
12 86 0.0869
12 86 0.087
12 86 0.0871
12 86 0.0872
12 86 0.0873
12 86 0.0874
12 86 0.0875
12 86 0.0876
12 86 0.0877
12 86 0.0878
12 86 0.0879
12 86 0.088
12 86 0.0881
12 86 0.0882
12 86 0.0883
12 86 0.0884
12 86 0.0885
12 86 0.0886
12 86 0.0887
12 86 0.0888
12 86 0.0889
12 86 0.089
12 86 0.0891
12 86 0.0892
12 86 0.0893
12 86 0.0894
12 86 0.0895
12 86 0.0896
12 86 0.0897
12 86 0.0898
12 86 0.0899
12 86 0.09
12 86 0.0901
12 86 0.0902
12 86 0.0903
12 86 0.0904
12 86 0.0905
12 86 0.0906
12 86 0.0907
12 86 0.0908
12 86 0.0909
12 86 0.091
12 86 0.0911
12 86 0.0912
12 86 0.0913
12 86 0.0914
12 86 0.0915
12 86 0.0916
12 86 0.0917
12 86 0.0918
12 86 0.0919
12 86 0.092
12 86 0.0921
12 86 0.0922
12 86 0.0923
12 86 0.0924
12 86 0.0925
12 86 0.0926
12 86 0.0927
12 86 0.0928
12 86 0.0929
12 86 0.093
12 86 0.0931
12 86 0.0932
12 86 0.0933
12 86 0.0934
12 86 0.0935
12 86 0.0936
12 86 0.0937
13 85 0.0938
13 85 0.0939
13 85 0.094
13 85 0.0941
13 85 0.0942
13 85 0.0943
13 85 0.0944
13 85 0.0945
13 85 0.0946
13 85 0.0947
13 85 0.0948
13 85 0.0949
13 85 0.095
13 85 0.0951
13 85 0.0952
13 85 0.0953
13 85 0.0954
13 85 0.0955
13 85 0.0956
13 85 0.0957
13 85 0.0958
13 85 0.0959
13 85 0.096
13 85 0.0961
13 85 0.0962
13 85 0.0963
13 85 0.0964
13 85 0.0965
13 85 0.0966
13 85 0.0967
13 85 0.0968
13 85 0.0969
13 85 0.097
13 85 0.0971
13 85 0.0972
13 85 0.0973
13 85 0.0974
13 85 0.0975
13 85 0.0976
13 85 0.0977
13 85 0.0978
13 85 0.0979
13 85 0.098
13 85 0.0981
13 85 0.0982
13 85 0.0983
13 85 0.0984
13 85 0.0985
13 85 0.0986
13 85 0.0987
13 85 0.0988
13 85 0.0989
13 85 0.099
13 85 0.0991
13 85 0.0992
13 85 0.0993
13 85 0.0994
13 85 0.0995
13 85 0.0996
13 85 0.0997
13 85 0.0998
13 85 0.0999
