0.0 
0.49512774349289873 
0.6501970958574659 
0.7257382324053792 
0.700209752946839 
0.7257187466824415 
0.8357802652728116 
0.8574599991602405 
0.8577457099780812 
0.8284393418891922 
0.8133326952083535 
0.7997148323037084 
0.8783894163723592 
0.8069305866655729 
0.7740875452963951 
0.7732381006577698 
0.7457456612129507 
0.7085476845566225 
0.6926511271173025 
0.7197362538258524 
0.7616878665425794 
0.7766742418885858 
0.7602309894614067 
0.7266545682702037 
0.725510552514528 
0.7433347550309957 
0.7417234488262741 
0.755260281635699 
0.7360066275227798 
0.7824380650721456 
0.7690415209438081 
0.8054303199121455 
0.7423390149281923 
0.7150407819994469 
0.789899447045806 
0.78259686878489 
0.7922478102554882 
0.8385840480990306 
0.8292310437852151 
0.7203626002520606 
0.582281239242155 
0.6609339902518468 
0.7498311955369125 
0.7557189082403107 
0.7472456483328195 
0.7384448459535906 
0.7853535532658602 
0.8515025199897447 
0.9034834412813146 
0.894420932560113 
0.6664795057764518 
0.6766930543749089 
0.7744444260216559 
0.8245740059925176 
0.7766346406752364 
0.7868986631503446 
0.7523478567557 
0.8207112822915044 
0.8361042085847802 
0.7241366118113682 
0.7834076078644447 
0.7838080260785242 
0.7724552779147282 
0.8135844774932325 
0.8790273491396153 
0.8358784221746546 
0.86203342313179 
0.8131525741301776 
0.8372878084201116 
0.8268637136234029 
0.8270779695303986 
0.6356807482829511 
0.7195093858295766 
0.6734762231306527 
0.7084466398267799 
0.6879011538219368 
0.7489152389578875 
0.7014171292743595 
0.6548492626057593 
0.6867109528345767 
0.7314242969620138 
0.7035497758280327 
0.6632299972478158 
0.7433794350408355 
0.7762861849201316 
0.7652796501278617 
0.7040334509749756 
0.6870648620271455 
0.7458760636536856 
0.6692355056324375 
0.7604876864874922 
0.7953263581748605 
0.7765312531748643 
0.7570260649895499 
0.8249241367140829 
0.7820086225496079 
0.7723879211369766 
0.7704580455238147 
0.8057036225004666 
1.0 
