0.0 0.0
0.02040816326530612 7382.42
0.04081632653061224 9331.569999999998
0.061224489795918366 16183.57
0.08163265306122448 21064.37
0.10204081632653061 19655.469999999998
0.12244897959183673 17877.030000000006
0.14285714285714285 31067.350000000002
0.16326530612244897 25058.17
0.1836734693877551 31959.399999999998
0.20408163265306123 29110.769999999986
0.22448979591836735 34385.95999999999
0.24489795918367346 34790.21000000001
0.2653061224489796 37208.93000000001
0.2857142857142857 47401.02
0.30612244897959184 40464.33
0.32653061224489793 38965.16999999999
0.3469387755102041 45418.349999999984
0.3673469387755102 39105.88
0.3877551020408163 46201.84999999999
0.40816326530612246 45639.32999999999
0.42857142857142855 46494.270000000004
0.4489795918367347 48096.72000000001
0.46938775510204084 44547.96999999998
0.4897959183673469 38472.72
0.5102040816326531 46799.75
0.5306122448979592 42857.13000000003
0.5510204081632653 45741.58999999999
0.5714285714285714 42948.61999999998
0.5918367346938775 40075.12
0.6122448979591837 41436.70999999997
0.6326530612244898 44181.270000000026
0.6530612244897959 39785.54000000001
0.673469387755102 38540.63
0.6938775510204082 39934.539999999986
0.7142857142857143 38090.2
0.7346938775510204 38770.64999999997
0.7551020408163265 34232.77
0.7755102040816326 31536.43999999999
0.7959183673469388 30553.03
0.8163265306122449 30539.22999999999
0.8367346938775511 29897.820000000003
0.8571428571428571 22149.259999999995
0.8775510204081632 33240.190000000024
0.8979591836734694 27218.079999999994
0.9183673469387755 15357.029999999992
0.9387755102040817 14065.159999999996
0.9591836734693877 11830.449999999997
0.9795918367346939 5630.980000000001
1.0 0.0
