0.0 
0.3802512893469478 
0.5028299955845894 
0.6263326030797949 
0.6731026252061643 
0.6829333691691358 
0.6779962528664178 
0.6911413130788415 
0.744966750459189 
0.7481891896953025 
0.7413927949397772 
0.7928198366956255 
0.841030503410488 
0.8159788729197065 
0.7831550505886403 
0.7580471196027062 
0.7694589724156753 
0.7835067967855619 
0.7727929165982494 
0.7724366646844316 
0.8170229980905337 
0.8241755790707463 
0.806166130666607 
0.7977733782501916 
0.805974848946007 
0.7912792092979961 
0.833850806248482 
0.8237583781128023 
0.8166630389498115 
0.7994279912818347 
0.8258485322918545 
0.7968476829119978 
0.7726419073055982 
0.7600669105666991 
0.7303695415375884 
0.7604311647027798 
0.7998112219266308 
0.8025332850094096 
0.8516975018985288 
0.8996377111718747 
0.9243198471019743 
0.9184515879066285 
0.9079615295811816 
0.8894108537402015 
0.8418435895822579 
0.7823138544002314 
0.8095159886980163 
0.834725677535682 
0.8256295976296065 
0.8418486580316846 
0.8126799904520192 
0.8424791158261302 
0.8647146299698742 
0.8318480250942462 
0.8083290897154407 
0.841620595420551 
0.8376890072493508 
0.8129801414397348 
0.7931955202635356 
0.7660382512599935 
0.796228688621248 
0.7649837546782936 
0.7777277703161052 
0.830158491819528 
0.7845441343691173 
0.7624841162947741 
0.7272944981150811 
0.7083434820330722 
0.7625567419848209 
0.7681284190771246 
0.7582757714863011 
0.7566263106187021 
0.7546393664415357 
0.822680759619794 
0.839668608387083 
0.8138056815095324 
0.7781456186181225 
0.7931205445999181 
0.7488571193369501 
0.7092020788539072 
0.7145054571292048 
0.7412049225108874 
0.763958354263561 
0.7541241376355154 
0.8067011797224585 
0.7982024437291517 
0.8253416322695757 
0.8385995244743871 
0.8479415554108505 
0.8614680081309595 
0.8641655686818703 
0.8944490905934579 
0.9068367723452694 
0.8759944516703423 
0.8574712448818691 
0.8548512194479279 
0.8705418874949493 
0.8947838688951583 
0.9181918381678642 
0.9999999999999999 
